845 579 Rose 2447 869 2566 841
858 1053 Angela 1464 511 1930 441
883 1055 Frank 1794 593 2689 734
1793 2655 Patrick 2257 762 2488 655
2374 2765 Lisa 7405 2026 6349 1924
2963 2845 Kimberly 7261 2460 8499 2395
3584 2873 Bonnie 5839 1872 6417 1574
4044 3067 Michael 3000 939 2594 984
4249 3116 Todd 1729 490 2102 546
4269 3256 Joe 3122 950 3115 1042
4483 3386 Earl 3063 791 3564 870
4541 3608 Robert 3115 821 3423 953
4601 3868 Amy 4256 1280 3991 1427
4710 4255 Pamela 3421 1004 3580 896
4982 5639 Maria 4414 1213 4849 1304
5913 5669 Joe 5005 1236 4269 1301
5994 5713 Linda 5414 1681 6090 1697
6939 6550 Melissa 6358 1845 6399 1893
7266 6947 Carol 5370 1627 5873 1435
7280 7030 Paula 2636 858 3094 960
7484 7033 Marilyn 7659 2034 7231 2094
7734 7386 Jennifer 8405 2307 8067 2149
7831 7787 Harry 5493 1892 7143 1799
7862 8029 David 2611 819 2385 719
8812 8147 Julia 1785 545 1916 494
8825 8438 Kevin 5329 1578 5203 1582
9136 8727 Paul 7516 2294 7392 2629
9613 8762 James 8282 2503 7889 2133
10568 8802 Kelly 5812 1746 4892 1668
11100 8809 Robin 3326 1138 3382 1091
12742 9203 Ralph 3258 934 3443 866
12861 9644 Gloria 2840 936 2825 903
12865 10108 Victor 2182 789 2379 709
13503 10803 David 720 180 722 230
13537 11390 Joyce 3418 1071 2994 1117
13612 12592 Donna 3369 952 3358 939
14502 12923 Michelle 2982 1032 3335 1066
14867 13017 Stephanie 4947 1117 4078 1227
15164 13256 Gerald 4647 1405 4218 1454
15804 13421 Walter 3430 1025 3317 1046
15891 13569 Christina 3770 1386 4337 1447
16063 14287 Brandon 5161 1674 4565 1438
16415 14311 Elizabeth 9543 2881 9336 2716
18477 14440 Joseph 2211 747 1954 640
18855 16973 Lawrence 7361 2362 7378 2271
19097 17123 Marilyn 6045 1775 6942 2121
19575 17562 Lori 4867 1485 4871 1458